1065 0 -1376.67 -7269.71
1066 -5 -1163.21 -6941.46
1067 -10 -1229.07 -7815.89
1068 -15 -1294.76 -8481.05
1070 -20 -1372.88 -9172.71
1074 -25 -1542.44 -10395.5
1075 -30 -1898.47 -12881.8
1076 5 -1555.46 -7327.26
1077 10 -1804.85 -7515.46
1078 15 -1966.12 -7209.38
1080 20 -2618.19 -9163.34
1081 20 -2586.3 -9193.6
1082 25 -2863.59 -9890.55
1083 30 -3284.96 -11227.9
1085 35 -2769.08 -9297.24
1086 40 -4776.51 -19363
1088 45 -4656.65 -21536.1
1090 50 -5813.39 -29692.8
1091 50 -5816.3 -29953.6
1092 55 -7965.07 -44460.3
1093 -30 -2238.68 -15263.7
1095 -40 -2527.18 -17710.5
1096 -35 -1931.29 -13036
1098 -45 -3164.11 -22640.5
1099 -50 -4258.17 -30273.6
1100 -55 -6016.79 -42204.3
1101 -55 -5947 -42561.3
